"V1" "V2" "V3" "V4" "V5" "V6" "V7" "V8" "V9" "V10" "V11" "V12" "V13" "V14" "V15"
"AA" 0.0178593488485203 0.0636515285463452 -5.12548240610387e-15 -5.12548240610387e-15 -5.12548240610387e-15 -0.215985063823383 0.159003746214615 0.543493652069409 -0.0478598607061264 -0.967892735691035 -0.804776291717153 -0.270037866219076 -0.676898722671884 -0.549369896796004 -0.197747974021973
"AC" -0.0202057569205472 -0.0105400046339982 0.158464985980663 -5.12548240610387e-15 -5.12548240610387e-15 0.205568194443225 0.536021003849436 0.634933319358881 0.965882799226938 0.0946208218466581 -1.06361464265902 -0.671804319073407 -0.196834705502589 -0.523870535507337 0.211659867551881
"AG" -0.0305050779318253 0.0515984082372474 -0.0184283364784075 -5.12548240610387e-15 -5.12548240610387e-15 -0.349397056343448 -0.427387469596292 -0.186038384329754 0.257474960563417 -0.0466362607377787 -0.694696612766409 -0.0202843007781225 0.0802662988048671 -0.543654587068373 -0.0816415152489322
"AT" 0.0191229863983289 -0.00752416103480622 -5.12548240610387e-15 -5.12548240610387e-15 -5.12548240610387e-15 0.0638913149687107 -0.0318861132915058 0.259801843738028 0.406677061485378 -0.622331874889993 -0.348801148696572 -0.188014059762196 -0.556998171553537 -0.146388753194228 -0.00931355812608036
"CA" 0.0361334200926095 0.0432759037505456 -5.12548240610387e-15 -5.12548240610387e-15 -0.124360676307626 0.0109075538545944 0.433763393432196 0.800110544686551 -0.00623418378763458 -0.408152967810979 -0.0127435381937111 -0.96224990144692 -0.595659924654873 0.135743389728174 -0.309863909275488
"CC" -0.0179806245323549 -0.075613848913718 0.0626499300100693 0.0903167663700661 0.0752068312268986 0.240662515226906 0.523367513461214 0.397551932082935 0.775150966222118 1.22080880493499 -0.173909901382597 -0.404363013344086 0.251491858082943 0.0781649976997909 0.0281333382670435
"CG" -0.0357800291636802 -0.00700796599273772 -0.11723088815649 -5.12548240610387e-15 -0.104450452759361 -0.0747896035439873 -0.251280519593508 -0.0925241344815598 0.0959765902340392 0.826627302873612 0.260269990603037 -0.494284922226532 0.266697493851998 -0.222503468479432 -0.121880635935559
"CT" 0.0229873527216763 -0.0265490671612369 -5.12548240610387e-15 -5.12548240610387e-15 0.229336934663012 0.256330240540111 0.483534951253278 0.427832630264893 0.203800999561032 -0.0637802528935042 1.11338173799922 -0.841438740306519 -0.364546522553955 0.465770084893998 -0.0843708405319686
"GA" 0.0104517199999793 0.0167183475630347 -5.12548240610387e-15 -5.12548240610387e-15 -5.12548240610387e-15 -0.18974903642609 -0.100203242006849 -0.358514820708519 -0.747854038564354 -0.927194168178718 -0.0747402580521138 -0.1525218584035 -0.327312033948773 0.278474329077158 -0.366192951344642
"GC" -0.00233332208209019 -0.0717557888187089 0.0650301661336363 -0.0517790843422172 -5.12548240610387e-15 0.161983973617864 0.126108674935588 -0.111094040076981 0.176261801710907 0.0449732867384903 -0.673987882306309 0.232463038734408 0.3875782496332 0.126086319513807 -0.131495679097218
"GG" -0.0738677063792702 -0.0409402667757491 -0.0275867362365729 -5.12548240610387e-15 -5.12548240610387e-15 -0.371637009331798 -0.603933404703699 -0.622027072514238 -0.488809473382145 0.210409669514584 0.823544766092127 0.250967983986059 0.125132404419599 0.295470592380567 -0.0997480739816311
"GT" -0.00155060592709933 -0.0688703753681483 -5.12548240610387e-15 -5.12548240610387e-15 -5.12548240610387e-15 0.0979441535463579 -0.0947498391412823 -0.532951455268662 -0.480604851642076 -0.569350554767639 0.737498731189483 0.49036258871166 0.172481386244634 0.558359456623348 -0.37911202023471
"TA" 0.0911819144505895 0.0583242601675225 -5.12548240610387e-15 -5.12548240610387e-15 -5.12548240610387e-15 0.299015336896997 0.517506583332052 0.618483355177581 -0.239130462736988 -0.669433190725626 -0.739916358080586 0.189773331280462 -0.0599965718378015 -0.0776352189460127 0.276433427459529
"TC" 0.0144010773037427 -0.0429024620426073 0.0674298169529539 -5.12548240610387e-15 -5.12548240610387e-15 0.364419489382855 0.550912114895091 0.402939456468936 0.55553262950093 0.385292632852881 -0.911592183300422 0.243970050228922 0.153584336940207 -0.389897070822317 0.332515061358147
"TG" 0.0145764750107095 0.0321846635568168 -0.08357483889504 -5.12548240610387e-15 -5.12548240610387e-15 -0.0192786584575286 -0.311026843126578 -0.288492632766063 -0.173973881605029 0.118946474339099 -0.657740258746296 0.800670413490618 0.585153139961599 -0.335895671330691 0.270986439768788
"TT" 0.049117555633367 -0.00910673973518391 -5.12548240610387e-15 -5.12548240610387e-15 -5.12548240610387e-15 0.453830432795473 0.406297021066046 0.0558311434257091 -0.22111924757133 -0.560311219073305 0.197400426863729 1.01123255286173 0.175091815209014 0.108054713816888 0.191270506239109
