"V1" "V2" "V3" "V4" "V5" "V6" "V7" "V8" "V9" "V10" "V11" "V12" "V13" "V14" "V15"
"AA" 0.0312665343659056 0.0713037339382619 0 0 0 -0.0919030531678269 0.206821727714895 0.506017600051141 0.0373250454480933 -0.761952984606758 -0.607904624045861 -0.129845119105997 -0.505295896635527 -0.351443811026325 -0.0874493790624012
"AC" -0.00741432634119305 -0.0129818067847111 0.130572730476169 0 0 0.218375320261475 0.486469843057432 0.57365954306022 0.810737873420924 0.136715541294704 -0.933872079902216 -0.526152858561874 -0.165722135609262 -0.460660959045387 0.194083913214389
"AG" -0.0224863526917023 0.052369089482683 0.000143232685065914 0 0 -0.276439850277283 -0.322548916383477 -0.118752306912804 0.253262181468461 0.0201481933422096 -0.577207746283814 0.0241679168917898 0.0691979653453874 -0.463704269211359 -0.0540044778990694
"AT" 0.0457416277858724 0.0130699376311303 0 0 0 0.124929079713687 0.0613861431887147 0.303866950443789 0.399336377183632 -0.449014809399437 -0.187830838856074 -0.0796557276514597 -0.403749655357224 -0.0377187322361497 0.0352661782850094
"CA" 0.0403463975075659 0.0377499032364478 0 0 -0.0553260822555182 0.0357234418899222 0.409666797977058 0.706344097773759 0.038969153415523 -0.276154819650527 0.0525680155444765 -0.882694703165574 -0.448659927994379 0.112836545861774 -0.230771409338985
"CC" -0.0308096923181422 -0.0762013610099588 0.0321221216388295 0.0640570910183745 0.0264461373651265 0.144098081152696 0.436986239535257 0.319899029795652 0.626849997335949 1.0133296410834 -0.166936891738016 -0.348855270248274 0.204902516013927 0.0177773879590369 -0.028310409439465
"CG" -0.0535047772947796 -0.0265158536270263 -0.10641670274099 0 -0.108329980845524 -0.152093712823452 -0.252924197723673 -0.100907917594731 0.0694824795797428 0.678836277090225 0.246155179192909 -0.478801337588298 0.245459352209381 -0.266516770940321 -0.200695094973955
"CT" 0.0204683699205165 -0.0231486572811336 0 0 0.214806690780139 0.205562670299313 0.437697560920474 0.391609954465587 0.20880148090637 -0.00995932026815681 0.946227101052827 -0.764537829723069 -0.26691186478294 0.386814121936745 -0.089596753883671
"GA" 0.00802515902661484 0.0130900110783874 0 0 0 -0.119940252656033 -0.0570593266057587 -0.264567586459575 -0.617061513838121 -0.824378835590922 0.0152631202775019 -0.112516165941456 -0.236632201956545 0.249614416763745 -0.277974611622038
"GC" -0.0296455822093457 -0.0882309420706277 0.0357527102497386 -0.0361943989498214 0 0.136491517767803 0.0872577574708313 -0.113001929409161 0.1399160563555 0.0399741198914438 -0.622333251799321 0.216994767729722 0.282821086224192 0.0627610132331739 -0.180973133340331
"GG" -0.0847195114584399 -0.0482476115466888 -0.0188507815589395 0 0 -0.40111791782021 -0.653539445254074 -0.663067115553115 -0.499822569668537 0.162268467293356 0.72403683842519 0.189684094173619 0.0982351945605764 0.231407682559275 -0.147028800421021
"GT" -0.0105860112517238 -0.0453255785570831 0 0 0 0.102971541446112 -0.0595940645320975 -0.453085666779285 -0.407338352651038 -0.504379467615372 0.642319035287307 0.401260893190181 0.173390724122253 0.4789745774673 -0.327575481968976
"TA" 0.0946213493735431 0.0680351412981608 0 0 0 0.306731158112002 0.48581537224436 0.570835464961978 -0.10667674384768 -0.485960228947963 -0.575143255994319 0.239068043297497 -0.0122379691003233 0.00156840001618074 0.278570005163359
"TC" 0.00518642164937829 -0.0360591559983473 0.0580396238168081 0 0 0.314808728025761 0.48896158923304 0.384172380282515 0.478400773808053 0.352084912141199 -0.822686274869468 0.246598642550528 0.0840402474081017 -0.336718598695679 0.289082467833558
"TG" 0.019469809508933 0.034794264667373 -0.0518461774162521 0 0 -0.0189491980576531 -0.251570963641776 -0.215133890493288 -0.136242361510548 0.126782496347101 -0.567574864157981 0.692186208431215 0.433723449053262 -0.296430502852717 0.238545317589306
"TT" 0.0605458681819574 0.00673025466148643 0 0 0 0.421832769846022 0.401475734026701 0.125421677158615 -0.112498323973403 -0.428852046591041 0.261552793285241 0.868806119284231 0.165694216169749 0.148636791079948 0.206215334128409
