"V1" "V2" "V3" "V4" "V5" "V6" "V7" "V8" "V9" "V10" "V11" "V12" "V13" "V14" "V15"
"AA" 0.0339760378212483 0.0530097621123027 0 0 0 -0.256002947567871 -0.0821533131769632 0.168945465683793 -0.149675701760852 -0.408331942527103 -0.267728018273214 -0.0539239374434064 -0.255992885742111 -0.211492968248594 -0.159975227154558
"AC" -0.017499396797503 -0.0184722531554343 0.0785362601728725 0 0 0.070767362386034 0.254936773165933 0.298783813365487 0.609743246398872 -0.0152948810546492 -0.494949253809081 -0.323870788557868 -0.158069361584051 -0.210483249564022 0.108513048921868
"AG" -0.00321887168008181 0.07448667409192 -0.0152078402397694 0 0 -0.188836916747232 -0.216380520395 -0.138554168158297 0.0685729555003575 -0.110813052382881 -0.327850966469651 -0.0563163979514235 0.0571898375304007 -0.199526223937375 -0.00161076462219495
"AT" -0.00228899710291549 -0.026586114115046 0 0 0 -0.0668304029085847 -0.119803237227076 0.0389919979619071 0.152428940723866 -0.237047609530899 -0.0259642200288875 0.0547325744721897 -0.171731976673884 -0.0703512821809126 -0.0684382021978635
"CA" 0.016887666802293 0.01762409777681 0 0 -0.13152677303907 -0.00187897466416726 0.178666331019207 0.450657040174133 -0.0281115203806376 -0.151131821564765 0.0237391471963668 -0.423787472260612 -0.245721614002403 0.0272489308543699 -0.226645302517144
"CC" -0.0318215424672124 -0.0513455139552556 0.0250637012329665 0.0442939803047354 0.106359624522702 0.203388244506412 0.332564634645514 0.241088768702813 0.480263568424935 0.779862386665729 -0.161363873419591 -0.231322951203118 0.0986468762679966 0.0607754512647622 0.0830455677645244
"CG" -0.0475452576301887 0.0153074305921384 -0.0745061203902093 0 -0.0476731755988525 0.0835125823060002 -0.0755414947661945 0.00112448155111984 0.0431659533830004 0.459813987512274 0.041953935921441 -0.362655761510059 0.062382627750399 -0.115539973770032 0.0716698436076739
"CT" -0.0274230962925285 -0.0316247811708952 0 0 0.120014501239761 0.193713656601658 0.247095634475892 0.223773629206766 0.119873726558812 0.000842976653026668 0.710907356203407 -0.381878673434182 -0.23706402012684 0.207077246564002 -0.053884627152265
"GA" 0.0298310928574337 -0.00829775220825193 0 0 0 -0.169660846410026 -0.07499198391946 -0.185901035458488 -0.329306773998703 -0.389872326656494 -0.0690416104537575 -0.189897531747471 -0.229976033512431 0.092770894873588 -0.285199260394441
"GC" 0.0329255214163175 -0.0422755887587972 0.0419154654240151 -0.0247590243902695 0 0.0750558130402502 0.11287807875428 -0.0164147600232168 0.097777185206744 0.00659128750769564 -0.34981981713841 0.0370092185132236 0.164646235989116 0.0940083919154868 -0.00241889651506932
"GG" -0.0653565980609698 -0.0181783514823512 0.0134895240380332 0 0 -0.107810885111947 -0.165837735068894 -0.194680034992435 -0.186886283727312 0.0788442911661997 0.379202281655447 0.025911923302754 -0.0457443785087351 0.102373820815473 0.00566541602764872
"GT" -0.0330440015543973 -0.0467716277742064 0 0 0 0.0191147394798601 -0.0203327793024216 -0.182998320989288 -0.136421973412962 -0.201328724593171 0.438557540072454 0.287279520442995 0.0376333994624301 0.315835922232998 -0.240694391185942
"TA" 0.0658615432269279 -0.00191528019357798 0 0 0 0.102955215687796 0.193867853635288 0.280948455086295 -0.13876056586102 -0.209369153720461 -0.194899168540345 0.160003739324524 0.0326472306995119 -0.0339876461001922 0.101854165789959
"TC" -0.00775551608020696 -0.0453945945438549 0.0150192147893756 0 0 0.213475856379006 0.278475846075255 0.179652220997422 0.293702826485495 0.18951944190841 -0.386527463673887 0.145516451174161 0.129752048298392 -0.130903847113841 0.161410075911975
"TG" 0.0305422830965785 0.0171904546995984 -0.0652336906757768 0 0 0.0397253390642948 -0.119545331475495 -0.119696686898315 -0.0945546475105733 0.0282804265557094 -0.283118003120675 0.466322481224975 0.433095499305892 -0.146100796176475 0.156250482890481
"TT" 0.0308189651693275 -0.0485136208935852 0 0 0 0.207553356162413 0.155981240140637 -0.0160035649244116 -0.0806994512752133 -0.12536130913133 0.211078958157226 0.728391233874575 0.176171103029096 0.0395918952508379 0.0551261618976281
