"V1" "V2" "V3" "V4" "V5" "V6" "V7" "V8" "V9" "V10" "V11" "V12" "V13" "V14" "V15"
"AA" -0.00543376905064567 0.0042834875857247 0 0 0 -0.00952230543776379 0.072130987251273 0.126768829357878 0.0113637183773754 -0.185388212298133 -0.163482079617593 -0.0385640465697063 -0.149361809366447 -0.0772196920295189 -0.0155673763990798
"AC" -0.00396533180941107 -0.0131270203756629 0.0348419699645941 0 0 0.062748290612735 0.126789176959215 0.146143768539653 0.162159634302736 0.045881159755816 -0.205095740469971 -0.0817389021816745 -0.0456112816694354 -0.104644006634602 0.0314954674239644
"AG" -0.000377544663947908 0.0142523519140958 -0.00748098431968486 0 0 -0.0746736068690349 -0.0717794209478004 -0.00609300333328324 0.0658344307677812 0.0151589913515847 -0.0817777021668726 0.030340850215869 0.00204067692922552 -0.110411569103633 -0.0179625422990914
"AT" 0.00143099918275454 -0.00425201031152189 0 0 0 0.0455056337529601 0.0390059132919095 0.102050448928177 0.0901973030290965 -0.109221557085226 -0.0361731381860743 -0.0290958056997758 -0.116448794820142 0.00640493610118183 0.00682126688161433
"CA" 0.0108822679240863 -0.000577154662821345 0 0 -0.0111448075981607 0.0198666805838963 0.112734936768497 0.166467535848746 0.023867951957446 -0.0124208573758583 0.044428790658245 -0.225196355225968 -0.0651170578698723 0.0151474640240608 -0.0286476966891039
"CC" 0.00150163920144859 -0.0292780897536414 0.00821214702852381 0.0187709938211874 0.00623518453660784 0.0368134087607086 0.10389688593095 0.0820432081293091 0.139220914800094 0.214982112532655 -0.00635486002248624 -0.0158437233421725 0.0668768331642499 0.0116104427372777 -0.00843902465853193
"CG" -0.00281977336263269 -0.00220276709825433 -0.0320772172179789 0 -0.0285427845547114 -0.0484946660670012 -0.0360896544314442 0.00786085192777904 0.0423396354887188 0.152211190652523 0.0809333463301777 -0.0459885693343334 0.0872653199001409 -0.0631823164930729 -0.0630048918317625
"CT" 0.0131733595231817 -0.00216818115484602 0 0 0.0592385223063196 0.0614390313340935 0.126049785969003 0.121479103502848 0.081918838119961 0.0444793087934587 0.20691620342868 -0.148047149341871 -0.00480538652656594 0.0870414470549012 -0.00792387036505248
"GA" -0.00639720131352925 0.011872802073356 0 0 0 -0.0240596623160195 -0.00503588014794952 -0.0662179230829321 -0.154121101195272 -0.198280325951616 0.0350290318240478 -0.015795198334562 -0.0242734410498385 0.0586173086816832 -0.0446900479251163
"GC" -0.0202701953537525 -0.0208115596459343 0.0143402695209765 -0.0098424530624951 0 0.0423616681334122 0.0371286069246561 0.000191675511296967 0.0523179181729241 0.0388745993506896 -0.0862369177391301 0.0797197754846151 0.0605799745182738 0.0189869388085641 -0.0598672835386666
"GG" -0.00858558098787697 0.00466930176159843 0.00366422017661469 0 0 -0.106397757426918 -0.177483794580096 -0.167332952549953 -0.106955224455836 0.0502347293096723 0.179947849286923 0.0579781622751686 0.0519062678570687 0.0459720515093072 -0.0374117869365573
"GT" -0.00425253394234516 -0.00848654405957266 0 0 0 0.0384533890378845 -0.00429249582388799 -0.0978607476448283 -0.0743620218088462 -0.100990330774041 0.145242475543861 0.0901648386344288 0.068909310065754 0.111802724595903 -0.0688003595971862
"TA" 0.0232322670793737 0.0120472278886087 0 0 0 0.0827314714678053 0.130425551646995 0.143849945899346 -0.0160449971038306 -0.0981019998410104 -0.132552326734765 0.0562866869863244 -0.0220793346068123 0.00605020491581012 0.0713220684944953
"TC" -4.352104605481e-06 -0.00734813280096163 0.0150238271348333 0 0 0.0936071821526595 0.14168659383235 0.115182071030445 0.121599895974746 0.101641784317388 -0.160836531224293 0.0675202789086009 -0.00699216381126465 -0.0628548239266091 0.0690028708911608
"TG" 0.0141220543827056 0.0129235148359118 -0.0167163616165783 0 0 -0.00264273479418954 -0.0337638955765065 -0.0249303414052504 -0.00985923478828093 0.0499365965234836 -0.069253405585214 0.153412654543786 0.0594920854868291 -0.0546883737916154 0.0630147761588669
"TT" 0.0177077161396332 -0.0124365495997692 0 0 0 0.12211579293734 0.12097001365997 0.0617152358394432 -0.00522287664035016 -0.0889938877597062 0.0760083768447395 0.180253929649831 0.026954761290103 0.0597080541589792 0.0593394767314983
